base_link:
  sensor_kit_base_link:
    x: 0.9652
    y: 0.0
    z: 2.15
    roll: -0.004159
    pitch: -0.00262
    yaw: 0.0

